#          k/h    CDM            baryon         photon         nu             mass_nu        total          no_nu          total_de       Weyl           v_CDM          v_b            v_b-v_c     
   0.103902E-04   0.117364E+08   0.117364E+08   0.156355E+08   0.156352E+08   0.117384E+08   0.117364E+08   0.117364E+08   0.117404E+08  -0.277485E+00   0.103632E+08   0.103632E+08   0.541246E+01
   0.114728E-04   0.117370E+08   0.117370E+08   0.156333E+08   0.156329E+08   0.117390E+08   0.117370E+08   0.117370E+08   0.117410E+08  -0.277498E+00   0.103634E+08   0.103634E+08   0.597621E+01
   0.126682E-04   0.117376E+08   0.117376E+08   0.156307E+08   0.156302E+08   0.117396E+08   0.117376E+08   0.117376E+08   0.117416E+08  -0.277512E+00   0.103636E+08   0.103636E+08   0.659864E+01
   0.139881E-04   0.117384E+08   0.117384E+08   0.156275E+08   0.156268E+08   0.117403E+08   0.117384E+08   0.117384E+08   0.117424E+08  -0.277531E+00   0.103638E+08   0.103638E+08   0.728583E+01
   0.154456E-04   0.117393E+08   0.117393E+08   0.156235E+08   0.156228E+08   0.117412E+08   0.117393E+08   0.117393E+08   0.117433E+08  -0.277553E+00   0.103641E+08   0.103641E+08   0.804450E+01
   0.170549E-04   0.117404E+08   0.117404E+08   0.156187E+08   0.156178E+08   0.117424E+08   0.117404E+08   0.117404E+08   0.117444E+08  -0.277580E+00   0.103645E+08   0.103645E+08   0.888206E+01
   0.188319E-04   0.117418E+08   0.117418E+08   0.156129E+08   0.156118E+08   0.117437E+08   0.117418E+08   0.117418E+08   0.117458E+08  -0.277613E+00   0.103649E+08   0.103649E+08   0.980667E+01
   0.207941E-04   0.117435E+08   0.117435E+08   0.156057E+08   0.156044E+08   0.117454E+08   0.117435E+08   0.117435E+08   0.117475E+08  -0.277653E+00   0.103655E+08   0.103655E+08   0.108273E+02
   0.229607E-04   0.117456E+08   0.117456E+08   0.155970E+08   0.155954E+08   0.117475E+08   0.117456E+08   0.117456E+08   0.117496E+08  -0.277701E+00   0.103661E+08   0.103661E+08   0.119540E+02
   0.253530E-04   0.117481E+08   0.117481E+08   0.155864E+08   0.155844E+08   0.117499E+08   0.117481E+08   0.117481E+08   0.117521E+08  -0.277761E+00   0.103670E+08   0.103670E+08   0.131974E+02
   0.279946E-04   0.117512E+08   0.117512E+08   0.155735E+08   0.155711E+08   0.117530E+08   0.117512E+08   0.117512E+08   0.117552E+08  -0.277833E+00   0.103680E+08   0.103680E+08   0.145698E+02
   0.309115E-04   0.117549E+08   0.117549E+08   0.155578E+08   0.155548E+08   0.117566E+08   0.117549E+08   0.117549E+08   0.117589E+08  -0.277921E+00   0.103692E+08   0.103692E+08   0.160842E+02
   0.341323E-04   0.117595E+08   0.117595E+08   0.155386E+08   0.155350E+08   0.117611E+08   0.117595E+08   0.117595E+08   0.117635E+08  -0.278029E+00   0.103706E+08   0.103706E+08   0.177551E+02
   0.376886E-04   0.117651E+08   0.117651E+08   0.155153E+08   0.155109E+08   0.117666E+08   0.117651E+08   0.117651E+08   0.117690E+08  -0.278160E+00   0.103724E+08   0.103724E+08   0.195983E+02
   0.416155E-04   0.117718E+08   0.117718E+08   0.154868E+08   0.154815E+08   0.117732E+08   0.117718E+08   0.117718E+08   0.117758E+08  -0.278319E+00   0.103746E+08   0.103746E+08   0.216314E+02
   0.459515E-04   0.117801E+08   0.117801E+08   0.154522E+08   0.154457E+08   0.117813E+08   0.117801E+08   0.117801E+08   0.117840E+08  -0.278513E+00   0.103773E+08   0.103773E+08   0.238731E+02
   0.507394E-04   0.117901E+08   0.117901E+08   0.154101E+08   0.154022E+08   0.117912E+08   0.117901E+08   0.117901E+08   0.117940E+08  -0.278750E+00   0.103805E+08   0.103805E+08   0.263443E+02
   0.560260E-04   0.118023E+08   0.118023E+08   0.153589E+08   0.153493E+08   0.118032E+08   0.118023E+08   0.118023E+08   0.118062E+08  -0.279037E+00   0.103845E+08   0.103845E+08   0.290673E+02
   0.618636E-04   0.118171E+08   0.118171E+08   0.152966E+08   0.152849E+08   0.118178E+08   0.118171E+08   0.118171E+08   0.118210E+08  -0.279386E+00   0.103893E+08   0.103893E+08   0.320665E+02
   0.683093E-04   0.118351E+08   0.118351E+08   0.152209E+08   0.152066E+08   0.118355E+08   0.118351E+08   0.118351E+08   0.118390E+08  -0.279810E+00   0.103951E+08   0.103951E+08   0.353681E+02
   0.754267E-04   0.118570E+08   0.118569E+08   0.151289E+08   0.151116E+08   0.118570E+08   0.118570E+08   0.118570E+08   0.118608E+08  -0.280325E+00   0.104022E+08   0.104022E+08   0.390001E+02
   0.832856E-04   0.118835E+08   0.118834E+08   0.150174E+08   0.149964E+08   0.118830E+08   0.118835E+08   0.118835E+08   0.118873E+08  -0.280950E+00   0.104108E+08   0.104108E+08   0.429923E+02
   0.919634E-04   0.119156E+08   0.119155E+08   0.148822E+08   0.148567E+08   0.119146E+08   0.119156E+08   0.119156E+08   0.119194E+08  -0.281707E+00   0.104212E+08   0.104211E+08   0.473759E+02
   0.101545E-03   0.119544E+08   0.119544E+08   0.147186E+08   0.146877E+08   0.119528E+08   0.119544E+08   0.119544E+08   0.119582E+08  -0.282622E+00   0.104337E+08   0.104337E+08   0.521835E+02
   0.112126E-03   0.120014E+08   0.120013E+08   0.145208E+08   0.144836E+08   0.119989E+08   0.120013E+08   0.120014E+08   0.120050E+08  -0.283728E+00   0.104490E+08   0.104489E+08   0.574481E+02
   0.123808E-03   0.120579E+08   0.120579E+08   0.142824E+08   0.142375E+08   0.120544E+08   0.120579E+08   0.120579E+08   0.120615E+08  -0.285060E+00   0.104673E+08   0.104673E+08   0.632025E+02
   0.136708E-03   0.121259E+08   0.121259E+08   0.139957E+08   0.139415E+08   0.121212E+08   0.121259E+08   0.121259E+08   0.121295E+08  -0.286663E+00   0.104893E+08   0.104893E+08   0.694781E+02
   0.150952E-03   0.122075E+08   0.122074E+08   0.136518E+08   0.135867E+08   0.122013E+08   0.122074E+08   0.122075E+08   0.122109E+08  -0.288584E+00   0.105158E+08   0.105158E+08   0.763032E+02
   0.166680E-03   0.123049E+08   0.123048E+08   0.132409E+08   0.131631E+08   0.122970E+08   0.123049E+08   0.123049E+08   0.123082E+08  -0.290880E+00   0.105474E+08   0.105474E+08   0.837004E+02
   0.184047E-03   0.124209E+08   0.124207E+08   0.127523E+08   0.126595E+08   0.124107E+08   0.124208E+08   0.124208E+08   0.124240E+08  -0.293611E+00   0.105851E+08   0.105851E+08   0.916843E+02
   0.203224E-03   0.125581E+08   0.125579E+08   0.121747E+08   0.120646E+08   0.125453E+08   0.125580E+08   0.125581E+08   0.125611E+08  -0.296845E+00   0.106298E+08   0.106297E+08   0.100257E+03
   0.224398E-03   0.127197E+08   0.127195E+08   0.114966E+08   0.113669E+08   0.127036E+08   0.127196E+08   0.127197E+08   0.127225E+08  -0.300652E+00   0.106824E+08   0.106823E+08   0.109402E+03
   0.247779E-03   0.129086E+08   0.129083E+08   0.107078E+08   0.105560E+08   0.128886E+08   0.129085E+08   0.129086E+08   0.129112E+08  -0.305103E+00   0.107440E+08   0.107439E+08   0.119081E+03
   0.273596E-03   0.131277E+08   0.131274E+08   0.980033E+07   0.962445E+07   0.131029E+08   0.131276E+08   0.131277E+08   0.131301E+08  -0.310265E+00   0.108156E+08   0.108155E+08   0.129223E+03
   0.302103E-03   0.133795E+08   0.133791E+08   0.877109E+07   0.856957E+07   0.133488E+08   0.133793E+08   0.133795E+08   0.133816E+08  -0.316196E+00   0.108980E+08   0.108979E+08   0.139718E+03
   0.333580E-03   0.136659E+08   0.136654E+08   0.762446E+07   0.739682E+07   0.136280E+08   0.136656E+08   0.136658E+08   0.136675E+08  -0.322941E+00   0.109919E+08   0.109917E+08   0.150406E+03
   0.368336E-03   0.139875E+08   0.139869E+08   0.637601E+07   0.612336E+07   0.139409E+08   0.139872E+08   0.139874E+08   0.139888E+08  -0.330519E+00   0.110975E+08   0.110973E+08   0.161070E+03
   0.406714E-03   0.143441E+08   0.143434E+08   0.505636E+07   0.478206E+07   0.142869E+08   0.143437E+08   0.143440E+08   0.143450E+08  -0.338918E+00   0.112149E+08   0.112147E+08   0.171427E+03
   0.449091E-03   0.147334E+08   0.147326E+08   0.371461E+07   0.342494E+07   0.146635E+08   0.147330E+08   0.147333E+08   0.147339E+08  -0.348090E+00   0.113433E+08   0.113431E+08   0.181127E+03
   0.495883E-03   0.151517E+08   0.151507E+08   0.241977E+07   0.212443E+07   0.150662E+08   0.151512E+08   0.151515E+08   0.151517E+08  -0.357943E+00   0.114816E+08   0.114813E+08   0.189761E+03
   0.547551E-03   0.155932E+08   0.155920E+08   0.125778E+07   0.969941E+06   0.154888E+08   0.155925E+08   0.155930E+08   0.155928E+08  -0.368343E+00   0.116278E+08   0.116275E+08   0.196873E+03
   0.604602E-03   0.160504E+08   0.160491E+08   0.321467E+06   0.570776E+05   0.159232E+08   0.160496E+08   0.160502E+08   0.160497E+08  -0.379117E+00   0.117794E+08   0.117791E+08   0.202000E+03
   0.667597E-03   0.165149E+08   0.165133E+08  -0.308808E+06  -0.532858E+06   0.163601E+08   0.165139E+08   0.165146E+08   0.165138E+08  -0.390062E+00   0.119335E+08   0.119331E+08   0.204717E+03
   0.737156E-03   0.169770E+08   0.169753E+08  -0.592673E+06  -0.761623E+06   0.167890E+08   0.169759E+08   0.169767E+08   0.169757E+08  -0.400956E+00   0.120868E+08   0.120863E+08   0.204701E+03
   0.813963E-03   0.174274E+08   0.174254E+08  -0.558080E+06  -0.663077E+06   0.171995E+08   0.174260E+08   0.174271E+08   0.174259E+08  -0.411574E+00   0.122357E+08   0.122352E+08   0.201791E+03
   0.898772E-03   0.178570E+08   0.178548E+08  -0.314069E+06  -0.355292E+06   0.175813E+08   0.178554E+08   0.178566E+08   0.178553E+08  -0.421706E+00   0.123771E+08   0.123765E+08   0.196032E+03
   0.992418E-03   0.182580E+08   0.182556E+08  -0.267047E+05  -0.137262E+05   0.179253E+08   0.182561E+08   0.182576E+08   0.182561E+08  -0.431164E+00   0.125079E+08   0.125073E+08   0.187671E+03
   0.109582E-02   0.186240E+08   0.186215E+08   0.151983E+06   0.204232E+06   0.182236E+08   0.186218E+08   0.186236E+08   0.186218E+08  -0.439797E+00   0.126256E+08   0.126250E+08   0.177105E+03
   0.121000E-02   0.189504E+08   0.189477E+08   0.174146E+06   0.252763E+06   0.184700E+08   0.189478E+08   0.189500E+08   0.189478E+08  -0.447493E+00   0.127283E+08   0.127277E+08   0.164807E+03
   0.133607E-02   0.192341E+08   0.192313E+08   0.128163E+06   0.228036E+06   0.186600E+08   0.192311E+08   0.192337E+08   0.192311E+08  -0.454180E+00   0.128144E+08   0.128138E+08   0.151285E+03
   0.147528E-02   0.194737E+08   0.194708E+08   0.141793E+06   0.263954E+06   0.187914E+08   0.194701E+08   0.194732E+08   0.194702E+08  -0.459823E+00   0.128830E+08   0.128824E+08   0.137116E+03
   0.162899E-02   0.196688E+08   0.196660E+08   0.220000E+06   0.505414E+06   0.188627E+08   0.196648E+08   0.196684E+08   0.196648E+08  -0.464418E+00   0.129337E+08   0.129331E+08   0.122997E+03
   0.179872E-02   0.198203E+08   0.198175E+08   0.241582E+06   0.417724E+06   0.188739E+08   0.198156E+08   0.198199E+08   0.198157E+08  -0.467978E+00   0.129662E+08   0.129656E+08   0.109676E+03
   0.198614E-02   0.199295E+08   0.199266E+08   0.180835E+06   0.344496E+06   0.188262E+08   0.199240E+08   0.199290E+08   0.199241E+08  -0.470537E+00   0.129806E+08   0.129800E+08   0.977376E+02
   0.219308E-02   0.199979E+08   0.199949E+08   0.161357E+06   0.283519E+06   0.187214E+08   0.199916E+08   0.199974E+08   0.199917E+08  -0.472132E+00   0.129771E+08   0.129765E+08   0.874544E+02
   0.242158E-02   0.200273E+08   0.200243E+08   0.171622E+06   0.232879E+06   0.185621E+08   0.200202E+08   0.200268E+08   0.200203E+08  -0.472806E+00   0.129558E+08   0.129552E+08   0.788199E+02
   0.267389E-02   0.200195E+08   0.200164E+08   0.130006E+06   0.190929E+06   0.183512E+08   0.200115E+08   0.200190E+08   0.200115E+08  -0.472598E+00   0.129170E+08   0.129164E+08   0.715502E+02
   0.295250E-02   0.199760E+08   0.199727E+08   0.123130E+06   0.156256E+06   0.180914E+08   0.199670E+08   0.199755E+08   0.199670E+08  -0.471546E+00   0.128609E+08   0.128603E+08   0.651235E+02
   0.326012E-02   0.198981E+08   0.198946E+08   0.101829E+06   0.127658E+06   0.177849E+08   0.198880E+08   0.198976E+08   0.198880E+08  -0.469680E+00   0.127874E+08   0.127868E+08   0.591014E+02
   0.359981E-02   0.197869E+08   0.197831E+08   0.840073E+05   0.104117E+06   0.174333E+08   0.197756E+08   0.197863E+08   0.197757E+08  -0.467026E+00   0.126966E+08   0.126960E+08   0.533158E+02
   0.397488E-02   0.196430E+08   0.196390E+08   0.650688E+05   0.847741E+05   0.170373E+08   0.196306E+08   0.196424E+08   0.196306E+08  -0.463600E+00   0.125883E+08   0.125877E+08   0.479219E+02
   0.438904E-02   0.194671E+08   0.194626E+08   0.605672E+05   0.689070E+05   0.165976E+08   0.194534E+08   0.194664E+08   0.194534E+08  -0.459414E+00   0.124623E+08   0.124617E+08   0.431475E+02
   0.484634E-02   0.192592E+08   0.192543E+08   0.461338E+05   0.559124E+05   0.161162E+08   0.192442E+08   0.192584E+08   0.192442E+08  -0.454473E+00   0.123182E+08   0.123177E+08   0.389877E+02
   0.535130E-02   0.190193E+08   0.190139E+08   0.357700E+05   0.452870E+05   0.155945E+08   0.190030E+08   0.190184E+08   0.190030E+08  -0.448776E+00   0.121558E+08   0.121552E+08   0.352188E+02
   0.590887E-02   0.187478E+08   0.187418E+08   0.306719E+05   0.366131E+05   0.150120E+08   0.187299E+08   0.187468E+08   0.187299E+08  -0.442328E+00   0.119746E+08   0.119741E+08   0.317354E+02
   0.652453E-02   0.184430E+08   0.184363E+08   0.238539E+05   0.295410E+05   0.143998E+08   0.184236E+08   0.184419E+08   0.184236E+08  -0.435094E+00   0.117737E+08   0.117731E+08   0.286173E+02
   0.720434E-02   0.181049E+08   0.180973E+08   0.183010E+05   0.237846E+05   0.137470E+08   0.180840E+08   0.181037E+08   0.180840E+08  -0.427072E+00   0.115525E+08   0.115519E+08   0.258599E+02
   0.795498E-02   0.177327E+08   0.177240E+08   0.139642E+05   0.191064E+05   0.130622E+08   0.177102E+08   0.177313E+08   0.177102E+08  -0.418245E+00   0.113105E+08   0.113099E+08   0.233667E+02
   0.878383E-02   0.173254E+08   0.173156E+08   0.125983E+05   0.153107E+05   0.123545E+08   0.173014E+08   0.173239E+08   0.173014E+08  -0.408591E+00   0.110469E+08   0.110464E+08   0.211390E+02
   0.969905E-02   0.168824E+08   0.168710E+08   0.102068E+05   0.122362E+05   0.116248E+08   0.168568E+08   0.168806E+08   0.168568E+08  -0.398091E+00   0.107611E+08   0.107606E+08   0.191596E+02
   0.107096E-01   0.164026E+08   0.163895E+08   0.794351E+04   0.975047E+04   0.108729E+08   0.163755E+08   0.164005E+08   0.163755E+08  -0.386724E+00   0.104524E+08   0.104519E+08   0.173951E+02
   0.118255E-01   0.158849E+08   0.158698E+08   0.657688E+04   0.774459E+04   0.101055E+08   0.158564E+08   0.158825E+08   0.158564E+08  -0.374465E+00   0.101200E+08   0.101195E+08   0.158271E+02
   0.130576E-01   0.153284E+08   0.153110E+08   0.517034E+04   0.612927E+04   0.933030E+07   0.152986E+08   0.153257E+08   0.152986E+08  -0.361292E+00   0.976327E+07   0.976270E+07   0.144359E+02
   0.144181E-01   0.147324E+08   0.147123E+08   0.404328E+04   0.483148E+04   0.855381E+07   0.147013E+08   0.147293E+08   0.147013E+08  -0.347187E+00   0.938161E+07   0.938104E+07   0.131975E+02
   0.159204E-01   0.140965E+08   0.140734E+08   0.298848E+04   0.379146E+04   0.777877E+07   0.140643E+08   0.140928E+08   0.140643E+08  -0.332142E+00   0.897476E+07   0.897418E+07   0.120943E+02
   0.175792E-01   0.134353E+08   0.134089E+08   0.256657E+04   0.296369E+04   0.702288E+07   0.134022E+08   0.134311E+08   0.134022E+08  -0.316506E+00   0.855210E+07   0.855152E+07   0.111089E+02
   0.194108E-01   0.127243E+08   0.126943E+08   0.198609E+04   0.230198E+04   0.627756E+07   0.126904E+08   0.127196E+08   0.126904E+08  -0.299698E+00   0.809791E+07   0.809731E+07   0.102062E+02
   0.214333E-01   0.119783E+08   0.119446E+08   0.164484E+04   0.177722E+04   0.555734E+07   0.119440E+08   0.119730E+08   0.119440E+08  -0.282069E+00   0.762162E+07   0.762101E+07   0.937063E+01
   0.236665E-01   0.111917E+08   0.111542E+08   0.120197E+04   0.136181E+04   0.486485E+07   0.111572E+08   0.111858E+08   0.111572E+08  -0.263489E+00   0.711968E+07   0.711907E+07   0.857352E+01
   0.261324E-01   0.103916E+08   0.103506E+08   0.967038E+03   0.103698E+04   0.421669E+07   0.103573E+08   0.103852E+08   0.103573E+08  -0.244597E+00   0.660935E+07   0.660874E+07   0.780028E+01
   0.288552E-01   0.958741E+07   0.954339E+07   0.665467E+03   0.784612E+03   0.361803E+07   0.955348E+07   0.958045E+07   0.955348E+07  -0.225615E+00   0.609660E+07   0.609600E+07   0.702903E+01
   0.318617E-01   0.878278E+07   0.873675E+07   0.467205E+03   0.589456E+03   0.307072E+07   0.874970E+07   0.877550E+07   0.874970E+07  -0.206633E+00   0.558385E+07   0.558325E+07   0.623855E+01
   0.351815E-01   0.799898E+07   0.795234E+07   0.345566E+03   0.440275E+03   0.258109E+07   0.796714E+07   0.799161E+07   0.796714E+07  -0.188152E+00   0.508461E+07   0.508404E+07   0.542051E+01
   0.388471E-01   0.726345E+07   0.721801E+07   0.263463E+03   0.327878E+03   0.215475E+07   0.723320E+07   0.725627E+07   0.723320E+07  -0.170819E+00   0.461638E+07   0.461584E+07   0.457843E+01
   0.428947E-01   0.659392E+07   0.655175E+07   0.166667E+03   0.244126E+03   0.179142E+07   0.656556E+07   0.658726E+07   0.656556E+07  -0.155052E+00   0.419044E+07   0.418996E+07   0.372818E+01
   0.471842E-01   0.602423E+07   0.598711E+07   0.184333E+03   0.184333E+03   0.149848E+07   0.599792E+07   0.601837E+07   0.599792E+07  -0.141647E+00   0.382833E+07   0.382791E+07   0.292079E+01
   0.514737E-01   0.557626E+07   0.554501E+07   0.143385E+03   0.143385E+03   0.127574E+07   0.555189E+07   0.557132E+07   0.555189E+07  -0.131114E+00   0.354375E+07   0.354340E+07   0.225552E+01
   0.557631E-01   0.521242E+07   0.518702E+07   0.114216E+03   0.114216E+03   0.110130E+07   0.518983E+07   0.520841E+07   0.518983E+07  -0.122563E+00   0.331274E+07   0.331246E+07   0.172506E+01
   0.600526E-01   0.490394E+07   0.488364E+07   0.926647E+02   0.926647E+02   0.960507E+06   0.488291E+07   0.490073E+07   0.488291E+07  -0.115315E+00   0.311692E+07   0.311668E+07   0.132843E+01
   0.643421E-01   0.462932E+07   0.461290E+07   0.762080E+02   0.762080E+02   0.843426E+06   0.460961E+07   0.462672E+07   0.460961E+07  -0.108861E+00   0.294253E+07   0.294233E+07   0.105448E+01
   0.686315E-01   0.437069E+07   0.435671E+07   0.632411E+02   0.632411E+02   0.742945E+06   0.435208E+07   0.436848E+07   0.435208E+07  -0.102779E+00   0.277820E+07   0.277802E+07   0.883392E+00
   0.729210E-01   0.411547E+07   0.410253E+07   0.527491E+02   0.527491E+02   0.654426E+06   0.409778E+07   0.411343E+07   0.409778E+07  -0.967732E-01   0.261592E+07   0.261575E+07   0.790169E+00
   0.772105E-01   0.386498E+07   0.385193E+07   0.441855E+02   0.441855E+02   0.576348E+06   0.384805E+07   0.386291E+07   0.384805E+07  -0.908755E-01   0.245655E+07   0.245637E+07   0.749376E+00
   0.815000E-01   0.361302E+07   0.359911E+07   0.370688E+02   0.370688E+02   0.506391E+06   0.359678E+07   0.361082E+07   0.359678E+07  -0.849416E-01   0.229618E+07   0.229600E+07   0.735393E+00
   0.857894E-01   0.337100E+07   0.335593E+07   0.312106E+02   0.312106E+02   0.445018E+06   0.335540E+07   0.336862E+07   0.335540E+07  -0.792411E-01   0.214212E+07   0.214194E+07   0.728914E+00
   0.900789E-01   0.314578E+07   0.312966E+07   0.264148E+02   0.264148E+02   0.391949E+06   0.313079E+07   0.314323E+07   0.313079E+07  -0.739367E-01   0.199876E+07   0.199857E+07   0.715675E+00
   0.954276E-01   0.289639E+07   0.287960E+07   0.216685E+02   0.216685E+02   0.336681E+06   0.288217E+07   0.289374E+07   0.288217E+07  -0.680654E-01   0.184008E+07   0.183988E+07   0.678057E+00
   0.100776E+00   0.268820E+07   0.267172E+07   0.180318E+02   0.180318E+02   0.292330E+06   0.267477E+07   0.268559E+07   0.267477E+07  -0.631673E-01   0.170769E+07   0.170750E+07   0.614662E+00
   0.106125E+00   0.252278E+07   0.250758E+07   0.152597E+02   0.152597E+02   0.257257E+06   0.251014E+07   0.252038E+07   0.251014E+07  -0.592795E-01   0.160261E+07   0.160244E+07   0.532581E+00
   0.111474E+00   0.239399E+07   0.238074E+07   0.131254E+02   0.131254E+02   0.229412E+06   0.238211E+07   0.239189E+07   0.238211E+07  -0.562559E-01   0.152088E+07   0.152074E+07   0.444077E+00
   0.116822E+00   0.229000E+07   0.227893E+07   0.114332E+02   0.114332E+02   0.206640E+06   0.227884E+07   0.228825E+07   0.227884E+07  -0.538170E-01   0.145496E+07   0.145484E+07   0.361838E+00
   0.122171E+00   0.219778E+07   0.218866E+07   0.100341E+02   0.100341E+02   0.187082E+06   0.218725E+07   0.219634E+07   0.218725E+07  -0.516541E-01   0.139650E+07   0.139639E+07   0.295445E+00
   0.127520E+00   0.210705E+07   0.209933E+07   0.883049E+01   0.883049E+01   0.169478E+06   0.209707E+07   0.210583E+07   0.209707E+07  -0.495245E-01   0.133894E+07   0.133884E+07   0.249540E+00
   0.132869E+00   0.201201E+07   0.200499E+07   0.776716E+01   0.776716E+01   0.153177E+06   0.200250E+07   0.201090E+07   0.200250E+07  -0.472909E-01   0.127856E+07   0.127848E+07   0.223635E+00
   0.138217E+00   0.191145E+07   0.190450E+07   0.681876E+01   0.681876E+01   0.137968E+06   0.190233E+07   0.191035E+07   0.190233E+07  -0.449255E-01   0.121462E+07   0.121454E+07   0.213247E+00
   0.143566E+00   0.180775E+07   0.180042E+07   0.597686E+01   0.597686E+01   0.123915E+06   0.179898E+07   0.180659E+07   0.179898E+07  -0.424847E-01   0.114864E+07   0.114855E+07   0.211782E+00
   0.148915E+00   0.170525E+07   0.169739E+07   0.523979E+01   0.523979E+01   0.111180E+06   0.169681E+07   0.170401E+07   0.169681E+07  -0.400718E-01   0.108342E+07   0.108332E+07   0.212541E+00
   0.154263E+00   0.160913E+07   0.160083E+07   0.460710E+01   0.460710E+01   0.999216E+05   0.160100E+07   0.160782E+07   0.160100E+07  -0.378091E-01   0.102225E+07   0.102215E+07   0.210340E+00
   0.159612E+00   0.152416E+07   0.151572E+07   0.407601E+01   0.407601E+01   0.902392E+05   0.151634E+07   0.152282E+07   0.151634E+07  -0.358100E-01   0.968206E+06   0.968110E+06   0.202396E+00
   0.164961E+00   0.145303E+07   0.144481E+07   0.363783E+01   0.363783E+01   0.821117E+05   0.144554E+07   0.145173E+07   0.144554E+07  -0.341378E-01   0.923002E+06   0.922909E+06   0.188400E+00
   0.170310E+00   0.139515E+07   0.138748E+07   0.327705E+01   0.327705E+01   0.753384E+05   0.138797E+07   0.139394E+07   0.138797E+07  -0.327784E-01   0.886251E+06   0.886164E+06   0.169970E+00
   0.175658E+00   0.134739E+07   0.134048E+07   0.297523E+01   0.297523E+01   0.696022E+05   0.134052E+07   0.134630E+07   0.134052E+07  -0.316577E-01   0.855954E+06   0.855876E+06   0.149792E+00
   0.181007E+00   0.130587E+07   0.129977E+07   0.271585E+01   0.271585E+01   0.645946E+05   0.129930E+07   0.130491E+07   0.129930E+07  -0.306842E-01   0.829635E+06   0.829564E+06   0.130706E+00
   0.186356E+00   0.126697E+07   0.126158E+07   0.248604E+01   0.248604E+01   0.600670E+05   0.126067E+07   0.126612E+07   0.126067E+07  -0.297719E-01   0.804973E+06   0.804908E+06   0.114931E+00
   0.191704E+00   0.122759E+07   0.122270E+07   0.227632E+01   0.227632E+01   0.558299E+05   0.122152E+07   0.122682E+07   0.122152E+07  -0.288475E-01   0.779982E+06   0.779922E+06   0.103603E+00
   0.197053E+00   0.118572E+07   0.118108E+07   0.208096E+01   0.208096E+01   0.517748E+05   0.117986E+07   0.118498E+07   0.117986E+07  -0.278635E-01   0.753380E+06   0.753323E+06   0.966922E-01
   0.202402E+00   0.114114E+07   0.113654E+07   0.189824E+01   0.189824E+01   0.478874E+05   0.113547E+07   0.114042E+07   0.113547E+07  -0.268153E-01   0.725042E+06   0.724986E+06   0.932514E-01
   0.207750E+00   0.109526E+07   0.109055E+07   0.172923E+01   0.172923E+01   0.442101E+05   0.108976E+07   0.109451E+07   0.108976E+07  -0.257358E-01   0.695857E+06   0.695800E+06   0.918242E-01
   0.213099E+00   0.105010E+07   0.104523E+07   0.157567E+01   0.157567E+01   0.408037E+05   0.104477E+07   0.104933E+07   0.104477E+07  -0.246732E-01   0.667129E+06   0.667071E+06   0.908878E-01
   0.218448E+00   0.100757E+07   0.100259E+07   0.143866E+01   0.143866E+01   0.377217E+05   0.100240E+07   0.100679E+07   0.100240E+07  -0.236728E-01   0.640080E+06   0.640021E+06   0.892239E-01
   0.223797E+00   0.969136E+06   0.964149E+06   0.131838E+01   0.131838E+01   0.349886E+05   0.964126E+06   0.968348E+06   0.964126E+06  -0.227688E-01   0.615641E+06   0.615583E+06   0.861489E-01
   0.229145E+00   0.935539E+06   0.930672E+06   0.121395E+01   0.121395E+01   0.325930E+05   0.930690E+06   0.934770E+06   0.930690E+06  -0.219792E-01   0.594292E+06   0.594235E+06   0.815639E-01
   0.234494E+00   0.906640E+06   0.902007E+06   0.112341E+01   0.112341E+01   0.304949E+05   0.901948E+06   0.905908E+06   0.901948E+06  -0.213004E-01   0.575940E+06   0.575887E+06   0.758501E-01
   0.239843E+00   0.881523E+06   0.877197E+06   0.104414E+01   0.104414E+01   0.286367E+05   0.876984E+06   0.880839E+06   0.876984E+06  -0.207109E-01   0.560001E+06   0.559951E+06   0.696684E-01
   0.245191E+00   0.858858E+06   0.854856E+06   0.973437E+00   0.973437E+00   0.269572E+05   0.854466E+06   0.858226E+06   0.854466E+06  -0.201791E-01   0.545623E+06   0.545576E+06   0.637333E-01
   0.250540E+00   0.837242E+06   0.833528E+06   0.908884E+00   0.908884E+00   0.254054E+05   0.832986E+06   0.836655E+06   0.832986E+06  -0.196718E-01   0.531908E+06   0.531864E+06   0.586200E-01
   0.255889E+00   0.815495E+06   0.811998E+06   0.848674E+00   0.848674E+00   0.239427E+05   0.811365E+06   0.814943E+06   0.811365E+06  -0.191612E-01   0.518103E+06   0.518061E+06   0.546447E-01
   0.261238E+00   0.792969E+06   0.789602E+06   0.791790E+00   0.791790E+00   0.225425E+05   0.788955E+06   0.792437E+06   0.788955E+06  -0.186320E-01   0.503793E+06   0.503753E+06   0.518361E-01
   0.266586E+00   0.769671E+06   0.766358E+06   0.737991E+00   0.737991E+00   0.211984E+05   0.765764E+06   0.769147E+06   0.765764E+06  -0.180843E-01   0.488986E+06   0.488946E+06   0.499823E-01
   0.271935E+00   0.746082E+06   0.742769E+06   0.687493E+00   0.687493E+00   0.199206E+05   0.742276E+06   0.745558E+06   0.742276E+06  -0.175296E-01   0.473989E+06   0.473949E+06   0.487243E-01
   0.277284E+00   0.722851E+06   0.719518E+06   0.640620E+00   0.640620E+00   0.187212E+05   0.719142E+06   0.722325E+06   0.719142E+06  -0.169833E-01   0.459217E+06   0.459178E+06   0.476670E-01
   0.282632E+00   0.700623E+06   0.697281E+06   0.597626E+00   0.597626E+00   0.176087E+05   0.697007E+06   0.700094E+06   0.697007E+06  -0.164605E-01   0.445084E+06   0.445045E+06   0.464803E-01
   0.287981E+00   0.679951E+06   0.676634E+06   0.558639E+00   0.558639E+00   0.165897E+05   0.676429E+06   0.679427E+06   0.676429E+06  -0.159745E-01   0.431944E+06   0.431905E+06   0.449657E-01
   0.293330E+00   0.661173E+06   0.657923E+06   0.523578E+00   0.523578E+00   0.156651E+05   0.657742E+06   0.660659E+06   0.657742E+06  -0.155332E-01   0.420012E+06   0.419974E+06   0.430758E-01
   0.298679E+00   0.644269E+06   0.641128E+06   0.492087E+00   0.492087E+00   0.148277E+05   0.640928E+06   0.643773E+06   0.640928E+06  -0.151362E-01   0.409276E+06   0.409239E+06   0.408918E-01
   0.304027E+00   0.628902E+06   0.625895E+06   0.463603E+00   0.463603E+00   0.140658E+05   0.625648E+06   0.628427E+06   0.625648E+06  -0.147753E-01   0.399519E+06   0.399484E+06   0.385767E-01
   0.309376E+00   0.614583E+06   0.611717E+06   0.437526E+00   0.437526E+00   0.133648E+05   0.611413E+06   0.614130E+06   0.611413E+06  -0.144391E-01   0.390430E+06   0.390396E+06   0.363186E-01
   0.314725E+00   0.600844E+06   0.598109E+06   0.413337E+00   0.413337E+00   0.127081E+05   0.597754E+06   0.600412E+06   0.597754E+06  -0.141165E-01   0.381708E+06   0.381675E+06   0.342796E-01
   0.320073E+00   0.587308E+06   0.584681E+06   0.390640E+00   0.390640E+00   0.120843E+05   0.584293E+06   0.586893E+06   0.584293E+06  -0.137987E-01   0.373113E+06   0.373082E+06   0.325586E-01
   0.325422E+00   0.573724E+06   0.571174E+06   0.369165E+00   0.369165E+00   0.114888E+05   0.570780E+06   0.573321E+06   0.570780E+06  -0.134795E-01   0.364484E+06   0.364454E+06   0.311780E-01
   0.330771E+00   0.560007E+06   0.557507E+06   0.348779E+00   0.348779E+00   0.109206E+05   0.557130E+06   0.559612E+06   0.557130E+06  -0.131572E-01   0.355768E+06   0.355738E+06   0.300913E-01
   0.336120E+00   0.546265E+06   0.543794E+06   0.329475E+00   0.329475E+00   0.103802E+05   0.543453E+06   0.545875E+06   0.543453E+06  -0.128342E-01   0.347035E+06   0.347005E+06   0.292075E-01
   0.341468E+00   0.532740E+06   0.530288E+06   0.311326E+00   0.311326E+00   0.986972E+04   0.529989E+06   0.532353E+06   0.529989E+06  -0.125162E-01   0.338438E+06   0.338409E+06   0.284208E-01
   0.346817E+00   0.519693E+06   0.517262E+06   0.294403E+00   0.294403E+00   0.939008E+04   0.517003E+06   0.519309E+06   0.517003E+06  -0.122095E-01   0.330145E+06   0.330116E+06   0.276366E-01
   0.352166E+00   0.507313E+06   0.504912E+06   0.278724E+00   0.278724E+00   0.894065E+04   0.504681E+06   0.506934E+06   0.504681E+06  -0.119185E-01   0.322277E+06   0.322249E+06   0.267912E-01
   0.357514E+00   0.495686E+06   0.493328E+06   0.264247E+00   0.264247E+00   0.852167E+04   0.493112E+06   0.495313E+06   0.493112E+06  -0.116453E-01   0.314890E+06   0.314862E+06   0.258604E-01
   0.362863E+00   0.484814E+06   0.482512E+06   0.250888E+00   0.250888E+00   0.813205E+04   0.482295E+06   0.484450E+06   0.482295E+06  -0.113899E-01   0.307983E+06   0.307956E+06   0.248572E-01
   0.368212E+00   0.474625E+06   0.472390E+06   0.238533E+00   0.238533E+00   0.776819E+04   0.472162E+06   0.474272E+06   0.472162E+06  -0.111506E-01   0.301512E+06   0.301486E+06   0.238213E-01
   0.373560E+00   0.464984E+06   0.462818E+06   0.227046E+00   0.227046E+00   0.742696E+04   0.462574E+06   0.464642E+06   0.462574E+06  -0.109241E-01   0.295390E+06   0.295364E+06   0.228031E-01
   0.378909E+00   0.455715E+06   0.453616E+06   0.216284E+00   0.216284E+00   0.710658E+04   0.453356E+06   0.455383E+06   0.453356E+06  -0.107064E-01   0.289503E+06   0.289479E+06   0.218486E-01
   0.384258E+00   0.446656E+06   0.444617E+06   0.206125E+00   0.206125E+00   0.680438E+04   0.444346E+06   0.446334E+06   0.444346E+06  -0.104937E-01   0.283750E+06   0.283726E+06   0.209894E-01
   0.389607E+00   0.437706E+06   0.435716E+06   0.196487E+00   0.196487E+00   0.651751E+04   0.435443E+06   0.437392E+06   0.435443E+06  -0.102834E-01   0.278065E+06   0.278041E+06   0.202368E-01
   0.394955E+00   0.428832E+06   0.426881E+06   0.187325E+00   0.187325E+00   0.624391E+04   0.426614E+06   0.428524E+06   0.426614E+06  -0.100749E-01   0.272427E+06   0.272404E+06   0.195832E-01
   0.400304E+00   0.420059E+06   0.418139E+06   0.178622E+00   0.178622E+00   0.598172E+04   0.417884E+06   0.419756E+06   0.417884E+06  -0.986876E-02   0.266853E+06   0.266830E+06   0.190064E-01
   0.405653E+00   0.411444E+06   0.409550E+06   0.170374E+00   0.170374E+00   0.573042E+04   0.409311E+06   0.411144E+06   0.409311E+06  -0.966628E-02   0.261378E+06   0.261356E+06   0.184770E-01
   0.411001E+00   0.403058E+06   0.401189E+06   0.162585E+00   0.162585E+00   0.549170E+04   0.400966E+06   0.402763E+06   0.400966E+06  -0.946921E-02   0.256050E+06   0.256028E+06   0.179671E-01
   0.416350E+00   0.394971E+06   0.393128E+06   0.155254E+00   0.155254E+00   0.526642E+04   0.392918E+06   0.394679E+06   0.392918E+06  -0.927915E-02   0.250911E+06   0.250889E+06   0.174555E-01
   0.421699E+00   0.387227E+06   0.385415E+06   0.148373E+00   0.148373E+00   0.505338E+04   0.385213E+06   0.386941E+06   0.385213E+06  -0.909720E-02   0.245991E+06   0.245969E+06   0.169319E-01
   0.427048E+00   0.379839E+06   0.378061E+06   0.141920E+00   0.141920E+00   0.485154E+04   0.377863E+06   0.379558E+06   0.377863E+06  -0.892362E-02   0.241297E+06   0.241276E+06   0.163960E-01
   0.432396E+00   0.372782E+06   0.371042E+06   0.135859E+00   0.135859E+00   0.466055E+04   0.370843E+06   0.372507E+06   0.370843E+06  -0.875784E-02   0.236815E+06   0.236794E+06   0.158563E-01
   0.437745E+00   0.366007E+06   0.364306E+06   0.130150E+00   0.130150E+00   0.447955E+04   0.364104E+06   0.365738E+06   0.364104E+06  -0.859869E-02   0.232511E+06   0.232491E+06   0.153252E-01
   0.443094E+00   0.359457E+06   0.357795E+06   0.124754E+00   0.124754E+00   0.430787E+04   0.357589E+06   0.359195E+06   0.357589E+06  -0.844483E-02   0.228351E+06   0.228332E+06   0.148159E-01
   0.448442E+00   0.353085E+06   0.351459E+06   0.119637E+00   0.119637E+00   0.414506E+04   0.351251E+06   0.352828E+06   0.351251E+06  -0.829514E-02   0.224304E+06   0.224284E+06   0.143387E-01
   0.453791E+00   0.346850E+06   0.345257E+06   0.114771E+00   0.114771E+00   0.399007E+04   0.345049E+06   0.346598E+06   0.345049E+06  -0.814867E-02   0.220343E+06   0.220324E+06   0.138983E-01
   0.459140E+00   0.340723E+06   0.339158E+06   0.110132E+00   0.110132E+00   0.384214E+04   0.338953E+06   0.340476E+06   0.338953E+06  -0.800471E-02   0.216451E+06   0.216432E+06   0.134942E-01
   0.464489E+00   0.334695E+06   0.333156E+06   0.105706E+00   0.105706E+00   0.370152E+04   0.332956E+06   0.334452E+06   0.332956E+06  -0.786309E-02   0.212621E+06   0.212603E+06   0.131212E-01
   0.469837E+00   0.328783E+06   0.327267E+06   0.101488E+00   0.101488E+00   0.356767E+04   0.327074E+06   0.328544E+06   0.327074E+06  -0.772417E-02   0.208865E+06   0.208847E+06   0.127714E-01
   0.475186E+00   0.323014E+06   0.321520E+06   0.974751E-01   0.974751E-01   0.343899E+04   0.321334E+06   0.322778E+06   0.321334E+06  -0.758862E-02   0.205200E+06   0.205182E+06   0.124369E-01
   0.480535E+00   0.317410E+06   0.315938E+06   0.936633E-01   0.936633E-01   0.331471E+04   0.315758E+06   0.317177E+06   0.315758E+06  -0.745693E-02   0.201639E+06   0.201621E+06   0.121105E-01
   0.485883E+00   0.311979E+06   0.310530E+06   0.900448E-01   0.900448E-01   0.319514E+04   0.310354E+06   0.311750E+06   0.310354E+06  -0.732932E-02   0.198188E+06   0.198171E+06   0.117879E-01
   0.491232E+00   0.306724E+06   0.305298E+06   0.866107E-01   0.866107E-01   0.308070E+04   0.305126E+06   0.306498E+06   0.305126E+06  -0.720586E-02   0.194850E+06   0.194833E+06   0.114674E-01
   0.496581E+00   0.301644E+06   0.300243E+06   0.833513E-01   0.833513E-01   0.297204E+04   0.300072E+06   0.301422E+06   0.300072E+06  -0.708651E-02   0.191623E+06   0.191606E+06   0.111504E-01
   0.501929E+00   0.296729E+06   0.295353E+06   0.802551E-01   0.802551E-01   0.286932E+04   0.295183E+06   0.296511E+06   0.295183E+06  -0.697104E-02   0.188501E+06   0.188484E+06   0.108397E-01
   0.507278E+00   0.291959E+06   0.290607E+06   0.773086E-01   0.773086E-01   0.277165E+04   0.290438E+06   0.291745E+06   0.290438E+06  -0.685898E-02   0.185471E+06   0.185455E+06   0.105388E-01
   0.512627E+00   0.287310E+06   0.285983E+06   0.744986E-01   0.744986E-01   0.267831E+04   0.285814E+06   0.287100E+06   0.285814E+06  -0.674978E-02   0.182518E+06   0.182502E+06   0.102504E-01
   0.517976E+00   0.282766E+06   0.281461E+06   0.718139E-01   0.718139E-01   0.258942E+04   0.281293E+06   0.282560E+06   0.281293E+06  -0.664302E-02   0.179631E+06   0.179615E+06   0.997661E-02
   0.523324E+00   0.278316E+06   0.277033E+06   0.692464E-01   0.692464E-01   0.250461E+04   0.276867E+06   0.278113E+06   0.276867E+06  -0.653849E-02   0.176804E+06   0.176789E+06   0.971762E-02
   0.528673E+00   0.273957E+06   0.272694E+06   0.667896E-01   0.667896E-01   0.242296E+04   0.272530E+06   0.273758E+06   0.272530E+06  -0.643608E-02   0.174035E+06   0.174020E+06   0.947247E-02
   0.534022E+00   0.269688E+06   0.268443E+06   0.644382E-01   0.644382E-01   0.234416E+04   0.268283E+06   0.269491E+06   0.268283E+06  -0.633576E-02   0.171323E+06   0.171308E+06   0.923912E-02
   0.539370E+00   0.265509E+06   0.264282E+06   0.621878E-01   0.621878E-01   0.226830E+04   0.264126E+06   0.265315E+06   0.264126E+06  -0.623759E-02   0.168668E+06   0.168654E+06   0.901512E-02
   0.544719E+00   0.261428E+06   0.260219E+06   0.600353E-01   0.600353E-01   0.219530E+04   0.260065E+06   0.261237E+06   0.260065E+06  -0.614170E-02   0.166075E+06   0.166061E+06   0.879822E-02
   0.550068E+00   0.257451E+06   0.256259E+06   0.579777E-01   0.579777E-01   0.212524E+04   0.256108E+06   0.257263E+06   0.256108E+06  -0.604826E-02   0.163549E+06   0.163534E+06   0.858674E-02
   0.555417E+00   0.253580E+06   0.252405E+06   0.560113E-01   0.560113E-01   0.205791E+04   0.252257E+06   0.253394E+06   0.252257E+06  -0.595730E-02   0.161089E+06   0.161075E+06   0.837976E-02
   0.560765E+00   0.249811E+06   0.248654E+06   0.541312E-01   0.541312E-01   0.199270E+04   0.248508E+06   0.249628E+06   0.248508E+06  -0.586876E-02   0.158695E+06   0.158681E+06   0.817707E-02
   0.566114E+00   0.246138E+06   0.244998E+06   0.523323E-01   0.523323E-01   0.192967E+04   0.244854E+06   0.245958E+06   0.244854E+06  -0.578248E-02   0.156362E+06   0.156348E+06   0.797907E-02
   0.571463E+00   0.242557E+06   0.241435E+06   0.506101E-01   0.506101E-01   0.186967E+04   0.241292E+06   0.242379E+06   0.241292E+06  -0.569834E-02   0.154087E+06   0.154074E+06   0.778654E-02
   0.622106E+00   0.212279E+06   0.211297E+06   0.373747E-01   0.373747E-01   0.140861E+04   0.211171E+06   0.212124E+06   0.211171E+06  -0.498701E-02   0.134852E+06   0.134841E+06   0.626967E-02
   0.759842E+00   0.154471E+06   0.153757E+06   0.182306E-01   0.182306E-01   0.714449E+03   0.153663E+06   0.154358E+06   0.153663E+06  -0.362891E-02   0.981289E+05   0.981203E+05   0.375366E-02
   0.928074E+00   0.111849E+06   0.111332E+06   0.884845E-02   0.884845E-02   0.358473E+03   0.111264E+06   0.111767E+06   0.111264E+06  -0.262760E-02   0.710529E+05   0.710466E+05   0.224342E-02
   0.113355E+01   0.806270E+05   0.802544E+05   0.427560E-02   0.427560E-02   0.177369E+03   0.802045E+05   0.805681E+05   0.802045E+05  -0.189411E-02   0.512187E+05   0.512141E+05   0.134046E-02
   0.138452E+01   0.578848E+05   0.576172E+05   0.205761E-02   0.205761E-02   0.869597E+02   0.575812E+05   0.578425E+05   0.575812E+05  -0.135984E-02   0.367715E+05   0.367682E+05   0.802472E-03
   0.169106E+01   0.414033E+05   0.412118E+05   0.986543E-03   0.986543E-03   0.423153E+02   0.411861E+05   0.413730E+05   0.411861E+05  -0.972650E-03   0.263016E+05   0.262991E+05   0.482745E-03
   0.206546E+01   0.295143E+05   0.293777E+05   0.471406E-03   0.471406E-03   0.204400E+02   0.293594E+05   0.294927E+05   0.293594E+05  -0.693351E-03   0.187490E+05   0.187472E+05   0.292926E-03
