   0.0000000000000000       0.27600000000000002       0.72399999999999998     
  0.10000000000000001       0.34622953894946212       0.65377046105053793     
  0.20000000000000001       0.44582738311567005       0.55417261688432995     
  0.29999999999999999       0.56293116892622463       0.43706883107377542     
  0.40000000000000002       0.64814491357485704       0.35185508642514296     
  0.50000000000000000       0.70049230210498126       0.29950769789501869     
  0.59999999999999998       0.74004446791848100       0.25995553208151900     
  0.69999999999999996       0.77349976440781221       0.22650023559218777     
  0.80000000000000004       0.80212918069002670       0.19787081930997322     
  0.90000000000000002       0.82661696987107036       0.17338303012892958     
   1.0000000000000000       0.84751753250971174       0.15248246749028824     
   1.1000000000000001       0.86497241315914808       0.13502758684085192     
   1.2000000000000000       0.87867351443061481       0.12132648556938512     
   1.3000000000000000       0.88970032406432265       0.11029967593567741     
   1.3999999999999999       0.90023490904839421        9.9765090951605725E-002
   1.5000000000000000       0.91040252060168791        8.9597479398312113E-002
   1.6000000000000001       0.91952170564385416        8.0478294356145813E-002
   1.7000000000000000       0.92751127673142342        7.2488723268576583E-002
   1.8000000000000000       0.93451317030802727        6.5486829691972823E-002
   1.8999999999999999       0.94066850854242878        5.9331491457571113E-002
   2.0000000000000000       0.94609680507411686        5.3903194925883170E-002
   2.1000000000000001       0.95089882086114985        4.9101179138850266E-002
   2.2000000000000002       0.95515967643371780        4.4840323566282307E-002
   2.2999999999999998       0.95895147976194484        4.1048520238055150E-002
   2.3999999999999999       0.96233547997300961        3.7664520026990320E-002
   2.5000000000000000       0.96536385181624673        3.4636148183753206E-002
   2.6000000000000001       0.96808117034110475        3.1918829658895261E-002
   2.7000000000000002       0.97052563046292417        2.9474369537075776E-002
   2.7999999999999998       0.97273005688515579        2.7269943114844222E-002
   2.8999999999999999       0.97472274188625663        2.5277258113743369E-002
   3.0000000000000000       0.97652814175369851        2.3471858246301529E-002
   3.1000000000000001       0.97816745704957375        2.1832542950426255E-002
   3.2000000000000002       0.97965911727902966        2.0340882720970340E-002
   3.2999999999999998       0.98101918675559374        1.8980813244406248E-002
   3.3999999999999999       0.98226170537757307        1.7738294622426820E-002
   3.5000000000000000       0.98339897552447098        1.6601024475528983E-002
   3.6000000000000001       0.98444180424696670        1.5558195753033252E-002
   3.7000000000000002       0.98539970827077461        1.4600291729225320E-002
   3.7999999999999998       0.98628108799130021        1.3718912008699732E-002
   3.8999999999999999       0.98709337554335475        1.2906624456645303E-002
   4.0000000000000000       0.98784316114026982        1.2156838859730191E-002
   4.0999999999999996       0.98853630115076652        1.1463698849233418E-002
   4.2000000000000002       0.98917801078856160        1.0821989211438359E-002
   4.2999999999999998       0.98977294380372904        1.0227056196270977E-002
   4.4000000000000004       0.99032526116596242        9.6747388340375860E-003
   4.5000000000000000       0.99083869040175465        9.1613095982453867E-003
   4.5999999999999996       0.99131657697695030        8.6834230230496551E-003
   4.7000000000000002       0.99176192889250503        8.2380711074948581E-003
   4.7999999999999998       0.99217745547601199        7.8225445239880134E-003
   4.9000000000000004       0.99256560119769055        7.4343988023094620E-003
   5.0000000000000000       0.99292857521144051        7.0714247885594831E-003
   5.0999999999999996       0.99326837721466854        6.7316227853314219E-003
   5.2000000000000002       0.99358682013118471        6.4131798688152643E-003
   5.2999999999999998       0.99388555004649626        6.1144499535037197E-003
   5.4000000000000004       0.99416606376182370        5.8339362381763541E-003
   5.5000000000000000       0.99442972428009246        5.5702757199075090E-003
   5.5999999999999996       0.99467777449235262        5.3222255076474023E-003
   5.7000000000000002       0.99491134929516412        5.0886507048358556E-003
   5.7999999999999998       0.99513148633734549        4.8685136626544579E-003
   5.9000000000000004       0.99533913556715847        4.6608644328415220E-003
   6.0000000000000000       0.99553516772774142        4.4648322722584972E-003
   6.0999999999999996       0.99572038192875045        4.2796180712495338E-003
   6.2000000000000002       0.99589551240518759        4.1044875948123768E-003
   6.2999999999999998       0.99606123455985573        3.9387654401442799E-003
   6.4000000000000004       0.99621817037338611        3.7818296266137730E-003
   6.5000000000000000       0.99636689325505023        3.6331067449497305E-003
   6.5999999999999996       0.99650793239830526        3.4920676016946478E-003
   6.7000000000000002       0.99664177669704024        3.3582233029598074E-003
   6.7999999999999998       0.99676887827156924        3.2311217284307961E-003
   6.9000000000000004       0.99688965564744048        3.1103443525596019E-003
   7.0000000000000000       0.99700449662492385        2.9955033750762223E-003
   7.0999999999999996       0.99711376087252945        2.8862391274705646E-003
   7.2000000000000002       0.99721778227397040        2.7822177260296999E-003
   7.2999999999999998       0.99731687105455302        2.6831289454469745E-003
   7.4000000000000004       0.99741131570998265        2.5886842900173720E-003
   7.5000000000000000       0.99750138475794359        2.4986152420564023E-003
   7.5999999999999996       0.99758732833052155        2.4126716694784279E-003
   7.7000000000000002       0.99766937962351254        2.3306203764874478E-003
   7.7999999999999998       0.99774775621689382        2.2522437831063269E-003
   7.9000000000000004       0.99782266127916908        2.1773387208308659E-003
   8.0000000000000000       0.99789428466692964        2.1057153330704429E-003
   8.0999999999999996       0.99796280392974912        2.0371960702508544E-003
   8.1999999999999993       0.99802838522947224        1.9716147705277770E-003
   8.3000000000000007       0.99809118418199128        1.9088158180086768E-003
   8.4000000000000004       0.99815134662877780        1.8486533712222448E-003
   8.5000000000000000       0.99820900934467927        1.7909906553208248E-003
   8.5999999999999996       0.99826430068783567        1.7356993121643706E-003
   8.6999999999999993       0.99831734119697579        1.6826588030241479E-003
   8.8000000000000007       0.99836824414083036        1.6317558591695800E-003
   8.9000000000000004       0.99841711602393024        1.5828839760697775E-003
   9.0000000000000000       0.99846405705264074        1.5359429473591831E-003
   9.0999999999999996       0.99850916156490988        1.4908384350901620E-003
   9.1999999999999993       0.99855251842687065        1.4474815731293795E-003
   9.3000000000000007       0.99859421139914606        1.4057886008539463E-003
   9.4000000000000004       0.99863431947542847        1.3656805245714793E-003
   9.5000000000000000       0.99867291719567108        1.3270828043288635E-003
   9.5999999999999996       0.99871007493600927        1.2899250639907354E-003
   9.6999999999999993       0.99874585917733694        1.2541408226630797E-003
   9.8000000000000007       0.99878033275428768        1.2196672457123736E-003
   9.9000000000000004       0.99881355508621161        1.1864449137883658E-003
   10.000000000000000       0.99884558239159915        1.1544176084008144E-003
